Some((
    red: 0.027450964,
    green: 0.21176471,
    blue: 0.25882354,
    alpha: 1.0,
))