Some((
    red: 0.0,
    green: 0.16862747,
    blue: 0.21176471,
    alpha: 1.0,
))